-0.00010968676843379478              
 0.00005431917347608037              
-0.000051082511104212565             
 0.000033090058654987615             
 0.0000012180962877078343            
-0.000050576591551987379             
 0.00011033530292350572              
-0.00017237523647613498              
 0.00022572834402419191              
-0.00025788419566593593              
 0.00025671619995357555              
-0.00021280762191889079              
 0.00012182736622123847              
 0.000013487353119705741             
-0.00018215664717268618              
 0.00036490349565818851              
-0.00053560148118214298              
 0.00066406374228566067              
-0.00072025997213799456              
 0.00067927695399019221              
-0.0005263950667558821               
 0.00026153149035769001              
 0.000097942005694032721             
-0.00051650232065528342              
 0.000942595754798013                
-0.0013137275915458288               
 0.0015641899881759774               
-0.0016345716111797026               
 0.0014818334806956934               
-0.0010886259472978989               
 0.00047035415058114605              
 0.00032167684607813617              
-0.0012022997837112142               
 0.0020594707818591966               
-0.0027661838280301104               
 0.0031975759999191252               
-0.0032484445454629431               
 0.0028522646683416209               
-0.0019960810890632245               
 0.00073046876818530927              
 0.00082846247389389209              
-0.0025061131548799551               
 0.0040857323899662762               
-0.0053329618598611031               
 0.0060261733592492624               
-0.0059891074015557709               
 0.0051215685380124705               
-0.0034237006125660942               
 0.0010097126897021665               
 0.001892218397952388                
-0.0049552781940841346               
 0.0077847269522773                  
-0.0099613293463695074               
 0.011093684838798704                
-0.010873497764854731                
 0.0091270026954435104               
-0.005855871880794724                
 0.0012612069012025036               
 0.0042539309194091907               
-0.010105894743346817                
 0.015575403675176167                
-0.019872766077169198                
 0.022217486664870837                
-0.021924275142074089                
 0.018486004667595462                
-0.011643923007918394                
 0.001436689701241618                
 0.011778783260454947                
-0.027338524876713927                
 0.044314760357622829                
-0.061588805909313329                
 0.077946094978857627                
-0.09218479590408693                 
 0.10322648981023855                 
-0.11021761019920319                 
 0.11261081967126403                 
-0.11021761019920319                 
 0.10322648981023855                 
-0.09218479590408693                 
 0.077946094978857627                
-0.061588805909313329                
 0.044314760357622829                
-0.027338524876713927                
 0.011778783260454947                
 0.001436689701241618                
-0.011643923007918394                
 0.018486004667595462                
-0.021924275142074089                
 0.022217486664870837                
-0.019872766077169198                
 0.015575403675176167                
-0.010105894743346817                
 0.0042539309194091907               
 0.0012612069012025036               
-0.005855871880794724                
 0.0091270026954435104               
-0.010873497764854731                
 0.011093684838798704                
-0.0099613293463695074               
 0.0077847269522773                  
-0.0049552781940841346               
 0.001892218397952388                
 0.0010097126897021665               
-0.0034237006125660942               
 0.0051215685380124705               
-0.0059891074015557709               
 0.0060261733592492624               
-0.0053329618598611031               
 0.0040857323899662762               
-0.0025061131548799551               
 0.00082846247389389209              
 0.00073046876818530927              
-0.0019960810890632245               
 0.0028522646683416209               
-0.0032484445454629431               
 0.0031975759999191252               
-0.0027661838280301104               
 0.0020594707818591966               
-0.0012022997837112142               
 0.00032167684607813617              
 0.00047035415058114605              
-0.0010886259472978989               
 0.0014818334806956934               
-0.0016345716111797026               
 0.0015641899881759774               
-0.0013137275915458288               
 0.000942595754798013                
-0.00051650232065528342              
 0.000097942005694032721             
 0.00026153149035769001              
-0.0005263950667558821               
 0.00067927695399019221              
-0.00072025997213799456              
 0.00066406374228566067              
-0.00053560148118214298              
 0.00036490349565818851              
-0.00018215664717268618              
 0.000013487353119705741             
 0.00012182736622123847              
-0.00021280762191889079              
 0.00025671619995357555              
-0.00025788419566593593              
 0.00022572834402419191              
-0.00017237523647613498              
 0.00011033530292350572              
-0.000050576591551987379             
 0.0000012180962877078343            
 0.000033090058654987615             
-0.000051082511104212565             
 0.00005431917347608037              
-0.00010968676843379478